n=10; %mol
V = 0.5; %L
T=122.5; %C
R= 8.314; %
P=( n*R*(T+273.15))/(V*10^(-3))
P/1000
